
HOTSPOT0 TO HOTSPOT1 AT TIME_HRS0.0
[[ 2295.25317816  -548.58035732  -914.        ]
 [ 2648.80656876  -548.58035732  -560.44660941]
 [ 1088.43692555  -548.58035732  -206.95903542]
 [ -117.92486162  -548.75624265  -206.95903542]
 [-1324.2866488   -548.93212797  -206.95903542]
 [-2530.64843598 -1049.10801329  -206.95903542]
 [-3383.77708912 -1402.48547187  -206.95903542]
 [-4590.13887629 -1902.66135719  -206.95903542]
 [-5089.29409723 -2755.48152381  -560.37533814]
 [-5178.34117403 -2513.94480708  -899.0857443 ]]
HOTSPOT0 TO HOTSPOT1 AT TIME_HRS0.5
[[ 2293.99601197  -544.62370781  -914.        ]
 [ 2647.54940257  -544.62370781  -560.44660941]
 [ 1087.17975936  -544.62370781  -206.95903542]
 [ -119.18202781  -544.79959313  -206.95903542]
 [-1325.54381499  -544.97547846  -206.95903542]
 [-2531.90560217 -1045.15136378  -206.95903542]
 [-3385.03425531 -1398.52882236  -206.95903542]
 [-4591.39604248 -1898.70470768  -206.95903542]
 [-5090.55126342 -2751.52487429  -560.37533814]
 [-5177.29534033 -2513.77977332  -899.06415032]]
HOTSPOT0 TO HOTSPOT1 AT TIME_HRS1.0
[[ 2298.67668457  -543.05618903  -914.        ]
 [ 2652.23007517  -543.05618903  -560.44660941]
 [ 1091.86043196  -543.05618903  -206.95903542]
 [ -114.50135522  -543.23207435  -206.95903542]
 [-1320.86314239  -543.40795967  -206.95903542]
 [-2527.22492957 -1043.58384499  -206.95903542]
 [-3380.35358271 -1396.96130357  -206.95903542]
 [-4586.71536989 -1897.13718889  -206.95903542]
 [-5085.87059082 -2749.95735551  -560.37533814]
 [-5180.92153423 -2508.17381052  -899.1880462 ]]
HOTSPOT0 TO HOTSPOT1 AT TIME_HRS1.5
[[ 2292.84349999  -546.19029396  -914.        ]
 [ 2646.39689059  -546.19029396  -560.44660941]
 [ 1086.02724738  -546.19029396  -206.95903542]
 [ -120.33453979  -546.36617928  -206.95903542]
 [-1326.69632697  -546.54206461  -206.95903542]
 [-2533.05811415 -1046.71794993  -206.95903542]
 [-3386.18676729 -1400.09540851  -206.95903542]
 [-4592.54855446 -1900.27129383  -206.95903542]
 [-5091.7037754  -2753.09146044  -560.37533814]
 [-5178.2353911  -2503.96843193  -899.13229271]]
HOTSPOT0 TO HOTSPOT1 AT TIME_HRS2.0
[[ 2284.55826244  -551.35657981  -914.        ]
 [ 2638.11165303  -551.35657981  -560.44660941]
 [ 1077.74200983  -551.35657981  -206.95903542]
 [ -128.61977735  -551.53246514  -206.95903542]
 [-1334.98156453  -551.70835046  -206.95903542]
 [-2541.3433517  -1051.88423578  -206.95903542]
 [-3394.47200484 -1405.26169436  -206.95903542]
 [-4600.83379202 -1905.43757968  -206.95903542]
 [-5099.98901295 -2758.2577463   -560.37533814]
 [-5174.39200222 -2498.22110547  -899.17519775]]
HOTSPOT0 TO HOTSPOT1 AT TIME_HRS2.5
[[ 2284.64729257  -550.18655721  -914.        ]
 [ 2638.20068316  -550.18655721  -560.44660941]
 [ 1077.83103996  -550.18655721  -206.95903542]
 [ -128.53074722  -550.36244253  -206.95903542]
 [-1334.8925344   -550.53832785  -206.95903542]
 [-2541.25432158 -1050.71421318  -206.95903542]
 [-3394.38297471 -1404.09167175  -206.95903542]
 [-4600.74476189 -1904.26755708  -206.95903542]
 [-5099.89998282 -2757.08772369  -560.37533814]
 [-5175.68519802 -2496.80403211  -899.26065141]]
HOTSPOT0 TO HOTSPOT1 AT TIME_HRS0.0
[[ 2295.25317816  -548.58035732  -914.        ]
 [ 2648.80656876  -548.58035732  -560.44660941]
 [ 1088.43692555  -548.58035732  -206.95903542]
 [ -117.92486162  -548.75624265  -206.95903542]
 [-1324.2866488   -548.93212797  -206.95903542]
 [-2530.64843598 -1049.10801329  -206.95903542]
 [-3383.77708912 -1402.48547187  -206.95903542]
 [-4590.13887629 -1902.66135719  -206.95903542]
 [-5089.29409723 -2755.48152381  -560.37533814]
 [-5178.34117403 -2513.94480708  -899.0857443 ]]
HOTSPOT0 TO HOTSPOT1 AT TIME_HRS0.0
Energy: [1555.5065083831885]Time: [4688]Est : [17791.005651020896][[ 2295.25317816  -548.58035732  -914.        ]
 [ 2648.80656876  -548.58035732  -560.44660941]
 [ 1088.43692555  -548.58035732  -206.95903542]
 [ -117.92486162  -548.75624265  -206.95903542]
 [-1324.2866488   -548.93212797  -206.95903542]
 [-2530.64843598 -1049.10801329  -206.95903542]
 [-3383.77708912 -1402.48547187  -206.95903542]
 [-4590.13887629 -1902.66135719  -206.95903542]
 [-5089.29409723 -2755.48152381  -560.37533814]
 [-5178.34117403 -2513.94480708  -899.0857443 ]]
HOTSPOT0 TO HOTSPOT2 AT TIME_HRS0.0
Energy: [10854.00436250671]Time: [4727]Est : [82799.764367552634][[ 2322.26732726  -573.88229801  -914.        ]
 [ 2675.82071786  -573.88229801  -560.44660941]
 [ 1822.55785584 -1427.4356886   -560.51242602]
 [ 2675.68650898 -1927.4356886   -207.13496744]
 [ 2779.89419492 -2883.49804326  -913.90911227]
 [ 2329.39938605 -2830.53012974  -922.99026996]]
HOTSPOT0 TO HOTSPOT3 AT TIME_HRS0.0
Energy: [5527.5724249747436]Time: [2652]Est : [26296.951994910836][[ 2326.55789964  -571.12639861  -914.        ]
 [ 3430.11129024  -321.12639861  -206.89321881]
 [ 4136.81710736 -1173.98348164  -560.33406538]
 [ 4989.9457605  -1173.98348164  -206.95660681]
 [ 5343.32321908 -1673.55874418  -560.5099974 ]
 [ 5297.32087319 -1905.55696435  -920.        ]]
HOTSPOT0 TO HOTSPOT4 AT TIME_HRS0.0
Energy: [2771.0593202133482]Time: [4373]Est : [10289.741762945583][[ 2295.87986242  -544.45986821  -914.        ]
 [ 2899.43325302   912.64691298  -206.89321881]
 [ 2046.28228304  1765.54914355  -206.89321881]
 [  839.57792246  2264.89798353  -206.89321881]
 [ -366.78386472  2264.72209821  -206.89321881]
 [-1573.1456519   2264.54621289  -206.89321881]
 [-2175.84313022  2514.3243593   -913.86989057]
 [-2492.95630978  2614.48550757  -920.72319951]]
HOTSPOT0 TO HOTSPOT5 AT TIME_HRS0.0
Energy: [2347.1854326794578]Time: [4358]Est : [41117.461416407285][[ 2295.07917481  -547.64246302  -914.        ]
 [ 2648.63256541  -547.64246302  -560.44660941]
 [ 1088.2629222   -547.64246302  -206.95903542]
 [ -118.09886498  -547.81834834  -206.95903542]
 [-1324.46065215  -547.99423366  -206.95903542]
 [-1574.46065215  -797.99423366  -560.51242602]
 [-1781.11515016  -999.95381293  -911.        ]]
HOTSPOT1 TO HOTSPOT0 AT TIME_HRS0.0
Energy: [9466.1145198353224]Time: [5375]Est : [48142.323060118186][[-5178.34117403 -2513.94480708  -899.0857443 ]
 [-3721.23439285 -1910.39141649  -191.97896311]
 [-2264.12761166 -2513.94480708  -899.0857443 ]
 [ -807.02083047 -1910.39141649  -191.97896311]
 [  650.08595071 -2513.94480708  -899.0857443 ]
 [ 1753.63934131 -1056.83802589  -191.97896311]
 [ 2357.1927319   -806.83802589  -899.0857443 ]
 [ 2295.25317816  -548.58035732  -914.        ]]
HOTSPOT1 TO HOTSPOT2 AT TIME_HRS0.0
Energy: [8272.6043947380767]Time: [7104]Est : [40613.516818477328][[-5177.10561907 -2548.43929427  -899.56224532]
 [-4073.55222848 -2298.43929427  -192.45546413]
 [-3116.84641135 -2901.2963773   -899.4497013 ]
 [-2159.73963016 -4004.84976789  -899.4497013 ]
 [ -702.63284898 -3401.2963773   -192.34292011]
 [  754.47393221 -4004.84976789  -899.4497013 ]
 [ 1858.0273228  -2547.74298671  -192.34292011]
 [ 2211.5807134  -2547.74298671  -545.8963107 ]
 [ 2302.67811883 -2839.50958364  -923.86864575]]
HOTSPOT1 TO HOTSPOT3 AT TIME_HRS0.0
Energy: [11876.165593537871]Time: [8333]Est : [58618.568441145762][[-5178.20145234 -2514.96281017  -899.07784122]
 [-3721.09467115 -1911.40941958  -191.97106003]
 [-2867.96601802 -1558.031961    -191.97106003]
 [-2367.96601802 -1558.031961    -191.97106003]
 [-1411.26020089 -2160.88904403  -898.96529719]
 [ -454.1534197  -3264.44243462  -898.96529719]
 [ 1106.08201462 -3617.99582522  -899.14122921]
 [ 2563.18879581 -3014.44243462  -192.03444802]
 [ 4020.29557699 -3617.99582522  -899.14122921]
 [ 5477.40235818 -2514.44243462  -192.03444802]
 [ 5477.40235818 -2160.88904403  -545.58783862]
 [ 5286.98004591 -1935.15663917  -920.        ]]
HOTSPOT1 TO HOTSPOT4 AT TIME_HRS0.0
Energy: [7793.358142102119]Time: [6572]Est : [32931.988494967845][[-5189.37743208 -2504.73078241  -899.49286353]
 [-3732.27065089 -1401.17739181  -192.38608235]
 [-3232.92181091  -194.47303124  -192.38608235]
 [-2629.54430564  1261.88875594  -899.49286353]
 [-2379.54430564  2365.44214653  -899.49286353]
 [-2523.47070715  2609.07087106  -920.37933719]]
HOTSPOT1 TO HOTSPOT5 AT TIME_HRS0.0
Energy: [4997.2426805110499]Time: [3917]Est : [18312.414981967224][[-5178.68604698 -2512.97686333  -899.09834447]
 [-3721.57926579 -1409.42347274  -191.99156328]
 [-2868.45061266 -1056.04601416  -191.99156328]
 [-2368.45061266 -1056.04601416  -191.99156328]
 [-2014.89722206 -1056.04601416  -545.54495388]
 [-1814.5910855  -1021.54183156  -911.        ]]
HOTSPOT2 TO HOTSPOT0 AT TIME_HRS0.0
Energy: [5596.8108013758292]Time: [3163]Est : [47579.717070267594][[ 2329.39938605 -2830.53012974  -922.99026996]
 [ 2932.95277664 -1373.42334855  -215.88348877]
 [ 2579.57531807  -520.29469542  -215.88348877]
 [ 2329.57531807  -270.29469542  -569.43687937]
 [ 2322.26732726  -573.88229801  -914.        ]]
HOTSPOT2 TO HOTSPOT1 AT TIME_HRS0.0
Energy: [859.59562122282227]Time: [4574]Est : [2730.9553410954213][[ 2302.67811883 -2839.50958364  -923.86864575]
 [ 2552.37778409 -2236.25652778  -917.46044947]
 [  741.73701071 -1486.26456286  -210.36124382]
 [ -464.62477647 -1486.44044818  -210.36124382]
 [-1670.98656365 -1486.6163335   -210.36124382]
 [-2877.34835083 -1486.79221882  -210.36124382]
 [-4083.71013801 -1986.96810415  -210.36124382]
 [-4936.83879114 -2340.34556273  -210.36124382]
 [-5290.39218173 -2340.34556273  -563.91463442]
 [-5177.10561907 -2548.43929427  -899.56224532]]
HOTSPOT2 TO HOTSPOT3 AT TIME_HRS0.0
Energy: [11563.655771063319]Time: [4602]Est : [89931.962570697287][[ 2338.47561849 -2834.51949765  -922.94837285]
 [ 3795.58239968 -1730.96610706  -215.84159167]
 [ 4399.13579027 -1480.96610706  -922.        ]
 [ 4899.13579027 -1480.96610706  -920.        ]
 [ 4899.13579027 -1980.96610706  -920.        ]
 [ 5287.12838253 -1936.13915411  -920.        ]]
HOTSPOT2 TO HOTSPOT4 AT TIME_HRS0.0
Energy: [4557.3497058915127]Time: [4959]Est : [22851.817601065472][[ 2304.20403301 -2836.06582592  -923.76497304]
 [ 2907.7574236  -1378.95904473  -216.65819185]
 [ 1701.59277528  -879.890263    -917.51325778]
 [  951.60081036   930.75051039  -210.41405214]
 [   98.44984038  1783.65274096  -210.41405214]
 [-1108.2545202   2283.00158094  -210.41405214]
 [-1961.06291678  2282.82569562  -563.96744273]
 [-2314.61630738  2636.37908621  -563.96744273]
 [-2501.46874716  2602.98089962  -920.98892364]]
HOTSPOT2 TO HOTSPOT5 AT TIME_HRS0.0
Energy: [859.64307879767944]Time: [5075]Est : [2730.9517610316311][[ 2303.10438876 -2837.63852015  -923.84924199]
 [ 2552.80405403 -2234.3854643   -917.393547  ]
 [  742.16328064 -1484.39349937  -210.29434136]
 [ -464.19850654 -1484.5693847   -210.29434136]
 [-1317.32715968 -1131.19192612  -210.29434136]
 [-1567.32715968  -881.19192612  -563.84773195]
 [-1781.57465622 -1002.46167011  -911.        ]]
HOTSPOT3 TO HOTSPOT0 AT TIME_HRS0.0
Energy: [7221.9214856828403]Time: [4601]Est : [77916.710808828764][[ 5297.32087319 -1905.55696435  -920.        ]
 [ 4193.77551767  -448.46958156  -212.90079436]
 [ 2987.41373049  -948.64546688  -212.90079436]
 [ 2737.4976246   -345.29461457  -915.76405649]
 [ 2326.55789964  -571.12639861  -914.        ]]
HOTSPOT3 TO HOTSPOT1 AT TIME_HRS0.0
Energy: [2641.3183508335305]Time: [6090]Est : [29813.396376030596][[ 5286.98004591 -1935.15663917  -920.        ]
 [ 4183.43469039  -478.06925637  -212.90079436]
 [ 2977.07290321  -478.24514169  -212.90079436]
 [ 1770.71111603  -478.42102702  -212.90079436]
 [  564.34932886  -478.59691234  -212.90079436]
 [ -642.01245832  -478.77279766  -212.90079436]
 [-1848.3742455   -478.94868298  -212.90079436]
 [-3054.73603268  -979.12456831  -212.90079436]
 [-3907.63826325 -1832.27553829  -212.90079436]
 [-4760.76691639 -2185.65299687  -212.90079436]
 [-5114.32030698 -2185.65299687  -566.45418495]
 [-5178.20145234 -2514.96281017  -899.07784122]]
HOTSPOT3 TO HOTSPOT2 AT TIME_HRS0.0
Energy: [11647.819084020997]Time: [6181]Est : [117767.76746208731][[ 5287.12838253 -1936.13915411  -920.        ]
 [ 4183.58302701  -979.05177131  -212.90079436]
 [ 3330.68079644 -1832.2027413   -212.90079436]
 [ 2477.77856586 -2685.35371128  -212.90079436]
 [ 1977.77856586 -2685.35371128  -212.90079436]
 [ 2227.77856586 -2788.90710187  -920.00757554]
 [ 2338.47561849 -2834.51949765  -922.94837285]]
HOTSPOT3 TO HOTSPOT4 AT TIME_HRS0.0
Energy: [7204.7221934674526]Time: [5751]Est : [42990.171443749088][[ 5297.55474571 -1905.12418435  -920.        ]
 [ 4547.56278079   -94.48341097  -212.90079436]
 [ 3444.74261417   654.67180997  -913.9847769 ]
 [ 2841.18922358  2111.77859115  -206.87799571]
 [ 1634.8274364   2111.60270583  -206.87799571]
 [  428.46564922  2111.42682051  -206.87799571]
 [ -777.89613795  2111.25093519  -206.87799571]
 [-1631.02479109  2464.62839376  -206.87799571]
 [-2483.84495771  2963.7836147   -560.29429843]
 [-2233.84495771  2713.7836147   -913.84768903]
 [-2492.68432014  2614.89967804  -920.71373773]]
HOTSPOT3 TO HOTSPOT5 AT TIME_HRS0.0
Energy: [4284.8683259904637]Time: [6726]Est : [85082.436463070379][[ 5287.02892725 -1934.1641927   -920.        ]
 [ 4183.48357173  -477.07680991  -212.90079436]
 [ 2977.12178456  -477.25269523  -212.90079436]
 [ 1770.75999738  -477.42858056  -212.90079436]
 [  564.3982102   -477.60446588  -212.90079436]
 [ -641.96357698  -477.7803512   -212.90079436]
 [-1494.77197356  -977.95623652  -566.45418495]
 [-1781.14245931 -1000.9828519   -911.        ]]
HOTSPOT4 TO HOTSPOT0 AT TIME_HRS0.0
Energy: [7472.9216386508997]Time: [4513]Est : [47973.165249082354][[-2492.95630978  2614.48550757  -920.72319951]
 [-1389.40291919  2864.48550757  -213.61641832]
 [ -682.69710206  2011.62842454  -567.05726489]
 [ -329.14371147  2011.62842454  -213.5038743 ]
 [   24.58556445   805.26663736  -567.05726489]
 [  378.13574102  -755.08882109  -567.1230809 ]
 [ 1938.05091879  -755.26470641  -915.41954355]
 [ 2295.87986242  -544.45986821  -914.        ]]
HOTSPOT4 TO HOTSPOT1 AT TIME_HRS0.0
Energy: [711.06253525601892]Time: [5074]Est : [1832.2601343134982][[-2523.47070715  2609.07087106  -920.37933719]
 [-2169.91731655  2609.07087106  -566.82594659]
 [-3023.18017857  1755.51748047  -566.8917632 ]
 [-3376.73356916   548.41069928  -213.33837261]
 [-4229.63579974  -304.7402707   -213.33837261]
 [-5082.53803031 -1157.89124068  -213.33837261]
 [-5435.91548889 -2011.01989382  -213.33837261]
 [-5435.91548889 -2364.57328441  -566.8917632 ]
 [-5189.37743208 -2504.73078241  -899.49286353]]
HOTSPOT4 TO HOTSPOT2 AT TIME_HRS0.0
Energy: [10954.778424312897]Time: [5951]Est : [65211.463128727351][[-2501.46874716  2602.98089962  -920.98892364]
 [-1897.91535656  2852.98089962  -213.88214245]
 [-1897.91535656  2352.98089962  -213.88214245]
 [-1544.18608065  1146.61911244  -567.43553305]
 [-1190.63590408  -413.73634601  -567.50134906]
 [   16.47087711 -1620.84312719  -567.50134906]
 [  869.59953024 -1620.84312719  -214.12389048]
 [ 1222.97698882 -2473.97178033  -214.12389048]
 [ 2179.68280595 -3076.82886336  -921.11812764]
 [ 2304.20403301 -2836.06582592  -923.76497304]]
HOTSPOT4 TO HOTSPOT3 AT TIME_HRS0.0
Energy: [7420.571110355886]Time: [7496]Est : [64517.679517909193][[-2492.68432014  2614.89967804  -920.71373773]
 [-1389.13092954  2864.89967804  -213.60695654]
 [ -682.42511241  2012.04259501  -567.04780311]
 [  170.70354072  2012.04259501  -213.67034453]
 [  877.40935785  1159.18551198  -567.1111911 ]
 [ 1230.96274844  1159.18551198  -213.55780051]
 [ 1584.69202436   -47.1762752   -567.1111911 ]
 [ 2188.24220092 -1357.53173365  -918.84152525]
 [ 3145.34898211 -2461.08512424  -914.79111902]
 [ 5309.40645685 -2211.10315477  -561.26322744]
 [ 5297.55474571 -1905.12418435  -920.        ]]
HOTSPOT4 TO HOTSPOT5 AT TIME_HRS0.0
Energy: [2138.8905938076982]Time: [5946]Est : [8031.6258619139917][[-2504.00127456  2601.71959283  -920.94327076]
 [-2150.44788396  2601.71959283  -567.38988017]
 [-3003.71074598  1748.16620223  -567.45569678]
 [-2150.58209285  1248.16620223  -214.0782382 ]
 [-2649.93093283    41.46184166  -214.0782382 ]
 [-2296.20165691 -1164.89994552  -567.6316288 ]
 [-1942.64826632  -811.34655493  -567.6316288 ]
 [-1822.17954921  -988.35785515  -911.        ]]
HOTSPOT5 TO HOTSPOT0 AT TIME_HRS0.0
Energy: [5873.510677793689]Time: [2338]Est : [24176.041083860349][[-1781.11515016  -999.95381293  -911.        ]
 [ -324.00836897  -396.40042234  -203.89321881]
 [  175.99163103  -396.40042234  -203.89321881]
 [ 1132.69744816  -999.25750537  -910.88745598]
 [ 2236.07626546   104.07571013  -557.45020628]
 [ 2236.07626546  -249.47768046  -911.00359687]
 [ 2294.99340713  -547.20904537  -913.99564437]]
HOTSPOT5 TO HOTSPOT1 AT TIME_HRS0.0
Energy: [716.08817092394781]Time: [3968]Est : [1834.887782946606][[-1814.5910855  -1021.54183156  -911.        ]
 [-1461.0376949  -1021.54183156  -557.44660941]
 [-3021.40733811 -1021.54183156  -203.95903542]
 [-4227.76912528 -1521.71771689  -203.95903542]
 [-5080.67135586 -2374.86868687  -203.95903542]
 [-5434.22474645 -2728.42207746  -203.95903542]
 [-5434.22474645 -2374.86868687  -557.51242602]
 [-5178.68604698 -2512.97686333  -899.09834447]]
HOTSPOT5 TO HOTSPOT2 AT TIME_HRS0.0
Energy: [8894.3235409472309]Time: [3842]Est : [44969.686830944702][[-1781.57465622 -1002.46167011  -911.        ]
 [ -678.02126562  -752.46167011  -203.89321881]
 [   28.6845515  -1605.31875314  -557.33406538]
 [  881.81320464 -1605.31875314  -203.95660681]
 [ 1838.51902177 -2208.17583617  -910.95084397]
 [ 2192.07241236 -2208.17583617  -557.39745338]
 [ 2192.07241236 -2708.17583617  -557.39745338]
 [ 2303.00492741 -2837.52254875  -923.52097808]]
HOTSPOT5 TO HOTSPOT3 AT TIME_HRS0.0
Energy: [6645.0771704745484]Time: [5103]Est : [38456.045285383778][[-1781.14245931 -1000.9828519   -911.        ]
 [ -677.58906871  -750.9828519   -203.89321881]
 [   29.11674841 -1603.83993494  -557.33406538]
 [ 1589.35218274 -2457.39332553  -557.5099974 ]
 [ 3399.58761706 -3060.94671612  -911.23932001]
 [ 4503.14100765 -2457.39332553  -557.68592941]
 [ 5105.96110474 -1854.51139146  -911.56511332]
 [ 5287.02892725 -1934.1641927   -920.        ]]
HOTSPOT5 TO HOTSPOT4 AT TIME_HRS0.0
Energy: [3318.9701445857072]Time: [4827]Est : [16135.715119805667][[-1822.17954921  -988.35785515  -911.        ]
 [-1218.62615862   468.74892604  -203.89321881]
 [-2071.7771286   1321.65115661  -203.89321881]
 [-2425.15458718  2174.77980975  -203.89321881]
 [-2071.60119659  2174.77980975  -557.44660941]
 [-2425.15458718  2528.33320034  -557.44660941]
 [-2504.00127456  2601.71959283  -920.94327076]]