
HOTSPOT0 TO HOTSPOT1 AT TIME_HRS0.0
Energy: [2296.3538401736969]Time: [7452]Est : [28323.747916155418][[ 2413.17937189 -1454.27348944     0.        ]
 [ 2059.15318066  -600.78567118     0.        ]
 [  852.04639947  -600.78567118     0.        ]
 [ -355.06038172  -600.78567118     0.        ]
 [-1562.1671629   -600.78567118     0.        ]
 [-2769.27394409  -600.78567118     0.        ]
 [-3976.02717189 -1101.13922457     0.        ]
 [-4829.08056248 -1454.69261516     0.        ]
 [-4955.77214741 -1807.45178534     0.        ]]
HOTSPOT0 TO HOTSPOT2 AT TIME_HRS0.0
Energy: [10275.880059082729]Time: [5861]Est : [103459.00665442506][[ 2434.52723402 -1439.81358783     0.        ]
 [ 2080.50104279  -586.32576957     0.        ]
 [ 2431.56786602  -895.66810652     0.        ]]
HOTSPOT0 TO HOTSPOT3 AT TIME_HRS0.0
Energy: [2684.9640875634441]Time: [5329]Est : [32965.071321160969][[ 2414.9137628  -1450.48528114     0.        ]
 [ 2414.4137628   -243.37849996     0.        ]
 [ 1560.86037221   609.67489064     0.        ]
 [  707.30698161  1462.72828123     0.        ]
 [ -146.24640898  2315.78167182     0.        ]
 [ -999.79979957  3168.83506242     0.        ]
 [-2206.90658076  3668.33506242     0.        ]
 [-2301.17928695  3674.88539588     0.        ]]
HOTSPOT0 TO HOTSPOT4 AT TIME_HRS0.0
Energy: [1924.6519007960005]Time: [7797]Est : [56106.371951419911][[ 2413.53903058 -1452.40949419     0.        ]
 [ 2059.51283935  -598.92167593     0.        ]
 [  852.40605816  -598.92167593     0.        ]
 [ -354.70072302  -598.92167593     0.        ]
 [-1208.25411362  -245.36828533     0.        ]
 [-1590.26877934    22.37608002     0.        ]]
HOTSPOT0 TO HOTSPOT5 AT TIME_HRS0.0
Energy: [3900.3727709230443]Time: [5831]Est : [46264.467872082663][[ 2424.52870899 -1470.22571818     0.        ]
 [ 2070.50251776 -1116.73789992     0.        ]
 [ 1217.44912717 -1970.29129051     0.        ]
 [  364.39573657 -2823.84468111     0.        ]
 [ -135.10426343 -4030.95146229     0.        ]
 [  103.96661645 -4009.85372791     0.        ]]
HOTSPOT1 TO HOTSPOT0 AT TIME_HRS0.0
Energy: [9222.4915689578411]Time: [9375]Est : [45198.450363231852][[ -4.95577215e+03  -1.80745179e+03   0.00000000e+00]
 [ -4.45627215e+03  -1.80745179e+03   0.00000000e+00]
 [ -3.74916537e+03  -2.66050518e+03  -3.53553391e+02]
 [ -2.18868441e+03  -3.01357842e+03  -3.54033539e+02]
 [ -9.82107959e+02  -2.16015007e+03  -8.85442832e-01]
 [ -1.29054568e+02  -1.80659668e+03  -8.85442832e-01]
 [  7.23998822e+02  -1.45304329e+03  -8.85442832e-01]
 [  1.57705221e+03  -1.09948990e+03  -8.85442832e-01]
 [  2.07655221e+03  -1.09948990e+03  -8.85442832e-01]
 [  2.41313080e+03  -1.45422229e+03  -1.27771768e-04]]
HOTSPOT1 TO HOTSPOT2 AT TIME_HRS0.0
Energy: [9870.6586363290899]Time: [10764]Est : [47725.237108486021][[ -4.95579813e+03  -1.80696618e+03   0.00000000e+00]
 [ -4.45629813e+03  -1.80696618e+03   0.00000000e+00]
 [ -3.74919135e+03  -2.66001957e+03  -3.53553391e+02]
 [ -2.18871039e+03  -3.01309282e+03  -3.54033539e+02]
 [ -9.82133940e+02  -2.15966446e+03  -8.85442832e-01]
 [ -1.29080549e+02  -1.30611107e+03  -8.85442832e-01]
 [  7.23972841e+02  -9.52557684e+02  -8.85442832e-01]
 [  1.57702623e+03  -5.99004293e+02  -8.85442832e-01]
 [  2.07652623e+03  -5.99004293e+02  -8.85442832e-01]
 [  2.41753957e+03  -8.61403859e+02   0.00000000e+00]]
HOTSPOT1 TO HOTSPOT3 AT TIME_HRS0.0
Energy: [9841.3784712632641]Time: [9349]Est : [47887.696570920198][[-4965.65792988 -1797.11226285     0.        ]
 [-4112.60453928  -943.55887226     0.        ]
 [-3259.55114869   -90.00548167     0.        ]
 [-2760.05114869  1117.10129952     0.        ]
 [-2760.40470208  2323.85452731     0.        ]
 [-2760.75825547  3530.60775511     0.        ]
 [-2343.48084146  3682.31655431     0.        ]]
HOTSPOT1 TO HOTSPOT4 AT TIME_HRS0.0
Energy: [6240.0252829079673]Time: [6853]Est : [26512.091558034328][[-4956.3634694  -1805.11697357     0.        ]
 [-4103.31007881  -951.56358298     0.        ]
 [-3250.25668821   -98.01019238     0.        ]
 [-2397.20329762   255.54319821     0.        ]
 [-1897.70329762   255.54319821     0.        ]
 [-1623.60963343    17.5481074      0.        ]]
HOTSPOT1 TO HOTSPOT5 AT TIME_HRS0.0
Energy: [4188.9278151485996]Time: [6814]Est : [21012.54751710912][[ -4.95597259e+03  -1.84495487e+03   0.00000000e+00]
 [ -4.45647259e+03  -1.84495487e+03   0.00000000e+00]
 [ -3.74936581e+03  -2.69800826e+03  -3.53553391e+02]
 [ -2.89616597e+03  -2.69800826e+03  -3.53553391e-01]
 [ -2.18905919e+03  -3.55106165e+03  -3.53906944e+02]
 [ -1.33585935e+03  -3.55106165e+03  -7.07106781e-01]
 [ -6.29181589e+02  -3.90422378e+03  -3.54222745e+02]
 [ -2.75628199e+02  -3.90422378e+03  -6.69354666e-01]
 [  6.67075433e+01  -4.01791657e+03   0.00000000e+00]]
HOTSPOT2 TO HOTSPOT0 AT TIME_HRS0.0
Energy: [6983.0003733411431]Time: [3435]Est : [42420.234650373211][[ 2431.56786602  -895.66810652     0.        ]
 [ 2931.06786602  -895.66810652     0.        ]
 [ 2434.62545166 -1439.70595377     0.        ]]
HOTSPOT2 TO HOTSPOT1 AT TIME_HRS0.0
Energy: [1407.5171200775883]Time: [6038]Est : [9242.525121670662][[ 2417.53956665  -861.40385927     0.        ]
 [ 2063.51337542    -7.916041       0.        ]
 [  856.40659423    -7.916041       0.        ]
 [ -350.70018696    -7.916041       0.        ]
 [-1557.80696814    -7.916041       0.        ]
 [-2764.85557737  -507.89194539     0.        ]
 [-3617.90896796 -1361.44533598     0.        ]
 [-4470.96235856 -1714.99872658     0.        ]
 [-4955.7981286  -1806.96618289     0.        ]]
HOTSPOT2 TO HOTSPOT3 AT TIME_HRS0.0
Energy: [12377.768545873187]Time: [9752]Est : [123401.85327850706][[ 2418.71123337  -857.29464954     0.        ]
 [ 2418.21123337   349.81213165     0.        ]
 [ 1564.65784277  1202.86552224     0.        ]
 [  711.10445218  2055.91891284     0.        ]
 [ -142.44893841  2908.97230343     0.        ]
 [-1349.5557196   3408.47230343     0.        ]
 [-2202.7555568   3761.67214063     0.        ]
 [-2301.39176315  3674.90015933     0.        ]]
HOTSPOT2 TO HOTSPOT4 AT TIME_HRS0.0
Energy: [2436.5471560892802]Time: [7423]Est : [59014.888016222321][[ 2417.60288426  -859.45522132     0.        ]
 [ 2063.57669303    -5.96740306     0.        ]
 [  856.46991184    -5.96740306     0.        ]
 [ -350.63686935    -5.96740306     0.        ]
 [-1557.74365053    -5.96740306     0.        ]
 [-1590.2679125     22.91896714     0.        ]]
HOTSPOT2 TO HOTSPOT5 AT TIME_HRS0.0
Energy: [4756.1719088708433]Time: [6409]Est : [47369.902119228922][[ 2428.30096475  -894.59645617     0.        ]
 [ 2074.27477351  -541.10863791     0.        ]
 [ 1221.22138292 -1394.6620285      0.        ]
 [  368.16799233 -2248.2154191      0.        ]
 [ -131.33200767 -3455.32220028     0.        ]
 [  368.16799233 -3455.32220028     0.        ]
 [  368.16799233 -3954.82220028     0.        ]
 [  103.76976885 -4009.53581305     0.        ]]
HOTSPOT3 TO HOTSPOT0 AT TIME_HRS0.0
Energy: [10828.238225911004]Time: [11022]Est : [123849.77083324833][[-2301.39176315  3674.90015933     0.        ]
 [-1801.89176315  3674.90015933     0.        ]
 [-1448.33837256  2821.84676873     0.        ]
 [ -948.83837256  2821.84676873     0.        ]
 [ -595.28498197  1968.79337814     0.        ]
 [  -95.78498197  1968.79337814     0.        ]
 [  257.76840863  1115.73998755     0.        ]
 [  757.26840863  1115.73998755     0.        ]
 [ 1110.82179922   262.68659695     0.        ]
 [ 1610.32179922   262.68659695     0.        ]
 [ 1963.87518981  -590.36679364     0.        ]
 [ 2463.37518981  -590.36679364     0.        ]
 [ 2463.37518981 -1089.86679364     0.        ]
 [ 2414.9137628  -1450.48528114     0.        ]]
HOTSPOT3 TO HOTSPOT1 AT TIME_HRS0.0
Energy: [3424.7902949575819]Time: [10608]Est : [71786.578224939658][[-2343.19559739  3682.42025999     0.        ]
 [-2697.22178862  4035.90807825     0.        ]
 [-3550.27517922  3182.35468766     0.        ]
 [-4403.32856981  2328.80129706     0.        ]
 [-4902.82856981  1121.69451588     0.        ]
 [-4403.32856981  1121.69451588     0.        ]
 [-4403.32856981   622.19451588     0.        ]
 [-4902.82856981  -584.91226531     0.        ]
 [-4403.32856981  -584.91226531     0.        ]
 [-4403.32856981 -1084.41226531     0.        ]
 [-5256.3819604  -1437.9656559      0.        ]
 [-4965.70065326 -1797.05948442     0.        ]]
HOTSPOT3 TO HOTSPOT2 AT TIME_HRS0.0
Energy: [13376.953616184981]Time: [9317]Est : [91350.471453267237][[-2301.39176315  3674.90015933     0.        ]
 [-1801.89176315  3674.90015933     0.        ]
 [-1448.33837256  2821.84676873     0.        ]
 [ -948.83837256  2821.84676873     0.        ]
 [ -595.28498197  1968.79337814     0.        ]
 [  -95.78498197  1968.79337814     0.        ]
 [  257.76840863  1115.73998755     0.        ]
 [  757.26840863  1115.73998755     0.        ]
 [ 1110.82179922   262.68659695     0.        ]
 [ 1610.32179922   262.68659695     0.        ]
 [ 1963.87518981  -590.36679364     0.        ]
 [ 2463.37518981  -590.36679364     0.        ]
 [ 2418.71123337  -857.29464954     0.        ]]
HOTSPOT3 TO HOTSPOT4 AT TIME_HRS0.0
Energy: [2439.5081089416817]Time: [8026]Est : [62827.085229763688][[-2304.00843285  3673.5902813      0.        ]
 [-2658.03462408  4027.07809956     0.        ]
 [-3157.53462408  2819.97131837     0.        ]
 [-3157.18107069  1613.21809058     0.        ]
 [-2304.660136     760.19754222     0.        ]
 [-1805.160136     760.19754222     0.        ]
 [-1805.160136     260.69754222     0.        ]
 [-1620.33594018    57.87470542     0.        ]]
HOTSPOT3 TO HOTSPOT5 AT TIME_HRS0.0
Energy: [6061.7295617272466]Time: [9927]Est : [62989.621191674203][[-2303.52525462  3673.69662926     0.        ]
 [-2657.55144585  4027.18444752     0.        ]
 [-3510.60483644  3173.63105693     0.        ]
 [-4010.10483644  1966.52427574     0.        ]
 [-4009.75128305   759.77104794     0.        ]
 [-4009.39772966  -446.98217985     0.        ]
 [-3156.87679498 -1300.00272821     0.        ]
 [-2304.35586029 -2153.02327656     0.        ]
 [-1451.8349256  -3006.04382492     0.        ]
 [ -952.3349256  -3006.04382492     0.        ]
 [ -245.22814441 -3859.09721551  -353.55339059]
 [   69.85666621 -4015.01671278     0.        ]]
HOTSPOT4 TO HOTSPOT0 AT TIME_HRS0.0
Energy: [7713.4070494905009]Time: [6552]Est : [68795.425610552789][[-1590.5154935     22.5489957      0.        ]
 [-1091.0154935     22.5489957      0.        ]
 [ -737.46210291  -830.50439489     0.        ]
 [  115.05883178 -1683.52494325     0.        ]
 [  968.11222237 -1329.97155266     0.        ]
 [ 1821.16561297  -976.41816206     0.        ]
 [ 2320.66561297  -976.41816206     0.        ]
 [ 2413.44955278 -1451.95090595     0.        ]]
HOTSPOT4 TO HOTSPOT1 AT TIME_HRS0.0
Energy: [124.40394636394643]Time: [5714]Est : [1852.0954255176064][[-1623.59971072    17.53949152     0.        ]
 [-1977.62590196   371.02730979     0.        ]
 [-2830.67929255  -482.52608081     0.        ]
 [-3683.73268314 -1336.0794714      0.        ]
 [-4536.78607374 -1689.63286199     0.        ]
 [-4956.18976953 -1805.06916457     0.        ]]
HOTSPOT4 TO HOTSPOT2 AT TIME_HRS0.0
Energy: [10753.622665637438]Time: [6080]Est : [64213.680405163163][[-1590.3802625     23.01875061     0.        ]
 [-1090.8802625     23.01875061     0.        ]
 [ -737.3268719   -830.03463998     0.        ]
 [  115.19406278 -1683.05518834     0.        ]
 [  968.24745338  -829.50179774     0.        ]
 [ 2174.85423456  -829.50179774     0.        ]
 [ 2417.5138733   -859.44423802     0.        ]]
HOTSPOT4 TO HOTSPOT3 AT TIME_HRS0.0
Energy: [3969.4997673387038]Time: [5439]Est : [27570.454385888916][[-1620.33594018    57.87470542     0.        ]
 [-1120.83594018  1264.9814866      0.        ]
 [-1620.81184457  2472.03009583     0.        ]
 [-1974.36523516  3325.08348642     0.        ]
 [-2304.00843285  3673.5902813      0.        ]]
HOTSPOT4 TO HOTSPOT5 AT TIME_HRS0.0
Energy: [1233.9100241030374]Time: [6835]Est : [17141.683034368034][[ -1.60124467e+03   8.61189801e+00   0.00000000e+00]
 [ -1.95527086e+03   3.62099716e+02   0.00000000e+00]
 [ -2.45477086e+03  -8.45007065e+02   0.00000000e+00]
 [ -2.45441731e+03  -2.05176029e+03   0.00000000e+00]
 [ -1.60189638e+03  -2.90478084e+03   0.00000000e+00]
 [ -3.95822050e+02  -3.75780139e+03  -3.53553391e+02]
 [ -4.26222127e+01  -3.75780139e+03  -3.53553391e-01]
 [  6.93139039e+01  -4.01499865e+03  -2.56864690e-04]]
HOTSPOT5 TO HOTSPOT0 AT TIME_HRS0.0
Energy: [6025.7800767560266]Time: [2599]Est : [24787.425753072221][[  104.16639771 -4009.83609744     0.        ]
 [  957.21978831 -3156.28270685     0.        ]
 [ 1810.2731789  -2302.72931626     0.        ]
 [ 2663.32656949 -1449.17592566     0.        ]
 [ 2424.52870899 -1470.22571818     0.        ]]
HOTSPOT5 TO HOTSPOT1 AT TIME_HRS0.0
Energy: [1963.1093007980887]Time: [6868]Est : [11966.393253987251][[   66.70754333 -4017.91656705     0.        ]
 [   66.20754333 -2810.80978586     0.        ]
 [-1140.89923786 -2311.30978586     0.        ]
 [-2347.65246565 -2311.66333925     0.        ]
 [-3554.40569345 -2312.01689265     0.        ]
 [-4761.15892124 -2312.37044604     0.        ]
 [-5114.35875845 -1959.17060883     0.        ]
 [-4956.19374671 -1845.1143549      0.        ]]
HOTSPOT5 TO HOTSPOT2 AT TIME_HRS0.0
Energy: [10589.563086028231]Time: [6306]Est : [85899.852991095104][[  103.76772614 -4009.53623576     0.        ]
 [  956.82111673 -3155.98284517     0.        ]
 [ 1809.87450732 -2302.42945457     0.        ]
 [ 2309.37450732 -1095.32267339     0.        ]
 [ 2428.30096475  -894.59645617     0.        ]]
HOTSPOT5 TO HOTSPOT3 AT TIME_HRS0.0
Energy: [7474.7845454716617]Time: [8475]Est : [57124.115803142617][[   69.85666621 -4015.01671278     0.        ]
 [  569.35666621 -2807.9099316      0.        ]
 [  569.00311282 -1601.1567038      0.        ]
 [  569.00311282  -394.04992261     0.        ]
 [   69.02720843   812.99868661     0.        ]
 [ -784.52618216  1666.05207721     0.        ]
 [-1638.07957275  2519.1054678      0.        ]
 [-1991.63296335  3372.15885839     0.        ]
 [-2303.29350655  3673.47257499     0.        ]]
HOTSPOT5 TO HOTSPOT4 AT TIME_HRS0.0
Energy: [3565.354739923534]Time: [8707]Est : [29258.949325570145][[   69.39528721 -4015.18564586     0.        ]
 [   68.89528721 -2808.07886467     0.        ]
 [ -784.65810338 -1955.02547408     0.        ]
 [-1638.21149398 -1101.97208348     0.        ]
 [-1991.76488457  -248.91869289     0.        ]
 [-1601.24467201     8.61189801     0.        ]]
HOTSPOT0 TO HOTSPOT1 AT TIME_HRS0.0
Energy: [3007.8559854167524]Time: [7945]Est : [37189.064668140607][[ 2413.17937189 -1454.27348944     0.        ]
 [ 1706.02439947   252.71694783     0.        ]
 [ -708.1891629    252.71694783     0.        ]
 [-3122.28638135  -747.23486094     0.        ]
 [-4829.39316254 -1454.34164213     0.        ]
 [-4955.75713242 -1807.40983259     0.        ]]
HOTSPOT0 TO HOTSPOT2 AT TIME_HRS0.0
Energy: [10083.103476074895]Time: [5296]Est : [99040.472200411197][[ 2434.52723402 -1439.81358783     0.        ]
 [ 2431.56786602  -895.66810652     0.        ]]
HOTSPOT0 TO HOTSPOT3 AT TIME_HRS0.0
Energy: [3551.8579237340946]Time: [5729]Est : [37600.935877483251][[ 2414.9137628  -1450.48528114     0.        ]
 [ 2414.86557157   963.61193731     0.        ]
 [  707.75879038  2670.7187185      0.        ]
 [-1706.33842807  3670.67052727     0.        ]
 [-2301.39176315  3674.90015933     0.        ]]
HOTSPOT0 TO HOTSPOT4 AT TIME_HRS0.0
Energy: [2619.1133086574964]Time: [8095]Est : [64545.655435906119][[ 2413.53903058 -1452.40949419     0.        ]
 [ 1706.38405817   254.58094308     0.        ]
 [ -707.82950421   254.58094308     0.        ]
 [-1590.5154935     22.5489957      0.        ]]
HOTSPOT0 TO HOTSPOT5 AT TIME_HRS0.0
Energy: [6157.5039053507016]Time: [8129]Est : [60629.785415024548][[ 2424.52870899 -1470.22571818     0.        ]
 [ 1717.37373658  -763.23528091     0.        ]
 [   10.26695539 -2470.3420621      0.        ]
 [ -989.68485338 -4884.43928055     0.        ]
 [   10.31514662 -4884.43928055     0.        ]
 [  104.16639771 -4009.83609744     0.        ]]
HOTSPOT1 TO HOTSPOT0 AT TIME_HRS0.0
Energy: [10445.185092165977]Time: [9637]Est : [53653.248835518374][[-4955.77214741 -1807.45178534     0.        ]
 [-3248.66536622 -1100.34500415     0.        ]
 [-1541.55858504  -393.23822297     0.        ]
 [  165.54819615   313.86855822     0.        ]
 [ 1165.54819615   313.86855822     0.        ]
 [ 1872.65497734 -1393.23822297     0.        ]
 [ 2413.17937189 -1454.27348944     0.        ]]
HOTSPOT1 TO HOTSPOT2 AT TIME_HRS0.0
Energy: [11090.082133315853]Time: [11021]Est : [55131.416554637224][[-4955.7981286  -1806.96618289     0.        ]
 [-3248.69134741 -1099.8594017      0.        ]
 [-1541.58456622  -392.75262051     0.        ]
 [  165.52221496   314.35416067     0.        ]
 [ 1165.52221496   314.35416067     0.        ]
 [ 1872.62899615 -1392.75262051     0.        ]
 [ 2417.53956665  -861.40385927     0.        ]]
HOTSPOT1 TO HOTSPOT3 AT TIME_HRS0.0
Energy: [10999.476710831377]Time: [10123]Est : [61878.536480078954][[-4965.65792988 -1797.11226285     0.        ]
 [-3258.55114869   -90.00548167     0.        ]
 [-2258.59933992  2324.09173678     0.        ]
 [-1551.49255873  4031.19851797     0.        ]
 [-2343.19559739  3682.42025999     0.        ]]
HOTSPOT1 TO HOTSPOT4 AT TIME_HRS0.0
Energy: [6179.5310537339428]Time: [6753]Est : [31287.546499091986][[-4956.3634694  -1805.11697357     0.        ]
 [-3249.25668821   -98.01019238     0.        ]
 [-2249.25668821   -98.01019238     0.        ]
 [-1623.83343613    17.49632586     0.        ]]
HOTSPOT1 TO HOTSPOT5 AT TIME_HRS0.0
Energy: [5998.2830853818596]Time: [7432]Est : [31227.892454433735][[-4955.97258758 -1844.95487221     0.        ]
 [-3955.97258758 -1844.95487221     0.        ]
 [-3248.86580639 -3552.0616534      0.        ]
 [-1541.75902521 -2844.95487221     0.        ]
 [ -541.75902521 -2844.95487221     0.        ]
 [ -541.75902521 -3844.95487221     0.        ]
 [   66.70754333 -4017.91656705     0.        ]]
HOTSPOT2 TO HOTSPOT0 AT TIME_HRS0.0
Energy: [6368.2146201477826]Time: [2974]Est : [39771.110339516992][[ 2431.56786602  -895.66810652     0.        ]
 [ 2434.52723402 -1439.81358783     0.        ]]
HOTSPOT2 TO HOTSPOT1 AT TIME_HRS0.0
Energy: [2122.84992801723]Time: [6838]Est : [18159.753513458276][[ 2417.53956665  -861.40385927     0.        ]
 [ 1710.38459423   845.586578       0.        ]
 [ -703.82896814   845.586578       0.        ]
 [-3117.92618659  -154.36523077     0.        ]
 [-4825.03296778  -861.47201196     0.        ]
 [-4955.73045384 -1806.47686228     0.        ]]
HOTSPOT2 TO HOTSPOT3 AT TIME_HRS0.0
Energy: [12994.315037517397]Time: [10025]Est : [120561.91538666296][[ 2418.71123337  -857.29464954     0.        ]
 [ 2418.66304214  1556.80256892     0.        ]
 [    4.56582368  2556.75437769     0.        ]
 [-1702.5409575   3263.86115887     0.        ]
 [-2301.10829148  3674.70559014     0.        ]]
HOTSPOT2 TO HOTSPOT4 AT TIME_HRS0.0
Energy: [3144.6739990153164]Time: [7940]Est : [67868.063094004348][[ 2417.60288426  -859.45522132     0.        ]
 [ 1710.44791184   847.53521594     0.        ]
 [ -703.64930661  -152.41659283     0.        ]
 [-1590.3802625     23.01875061     0.        ]]
HOTSPOT2 TO HOTSPOT5 AT TIME_HRS0.0
Energy: [5978.5105203979219]Time: [7642]Est : [55500.46421501338][[ 2428.30096475  -894.59645617     0.        ]
 [ 1721.14599233  -187.60601891     0.        ]
 [   14.03921114 -1894.71280009     0.        ]
 [ -985.91259763 -4308.81001855     0.        ]
 [   14.08740237 -4308.81001855     0.        ]
 [  103.64665974 -4009.94024855     0.        ]]
HOTSPOT3 TO HOTSPOT0 AT TIME_HRS0.0
Energy: [10845.931409709458]Time: [11015]Est : [127945.47545602535][[-2301.39176315  3674.90015933     0.        ]
 [-1301.39176315  3674.90015933     0.        ]
 [ -594.28498197  1967.79337814     0.        ]
 [  405.71501803  1967.79337814     0.        ]
 [ 1112.82179922   260.68659695     0.        ]
 [ 2112.82179922   260.68659695     0.        ]
 [ 2112.82179922  -739.31340305     0.        ]
 [ 2414.84576335 -1450.32519978     0.        ]]
HOTSPOT3 TO HOTSPOT1 AT TIME_HRS0.0
Energy: [3233.6297580482242]Time: [10008]Est : [70104.639398494459][[-2343.19559739  3682.42025999     0.        ]
 [-1343.19559739  3682.42025999     0.        ]
 [-1343.19559739  2682.42025999     0.        ]
 [-3050.30237858   975.3134788      0.        ]
 [-4050.25418735 -1438.78373965     0.        ]
 [-4965.65792988 -1797.11226285     0.        ]]
HOTSPOT3 TO HOTSPOT2 AT TIME_HRS0.0
Energy: [13655.855822190482]Time: [9409]Est : [96852.742392039552][[-2301.39176315  3674.90015933     0.        ]
 [-1301.39176315  3674.90015933     0.        ]
 [ -594.28498197  1967.79337814     0.        ]
 [  405.71501803  1967.79337814     0.        ]
 [ 1112.82179922   260.68659695     0.        ]
 [ 2112.82179922   260.68659695     0.        ]
 [ 2112.82179922  -739.31340305     0.        ]
 [ 2418.71123337  -857.29464954     0.        ]]
HOTSPOT3 TO HOTSPOT4 AT TIME_HRS0.0
Energy: [3247.7312048549429]Time: [7914]Est : [62768.681240194688][[-2304.00843285  3673.5902813      0.        ]
 [-1304.00843285  3673.5902813      0.        ]
 [-1304.00843285  2673.5902813      0.        ]
 [-2303.96024162   259.49306284     0.        ]
 [-1620.56199261    57.94137408     0.        ]]
HOTSPOT3 TO HOTSPOT5 AT TIME_HRS0.0
Energy: [8705.0572948360841]Time: [11387]Est : [72534.878159042841][[-2303.52525462  3673.69662926     0.        ]
 [-1303.52525462  3673.69662926     0.        ]
 [-1303.52525462  2673.69662926     0.        ]
 [-2303.47706339   259.59941081     0.        ]
 [-1303.47706339   259.59941081     0.        ]
 [ -596.3702822  -1447.50737038     0.        ]
 [  403.6297178  -2447.50737038     0.        ]
 [ -596.32209097 -4861.60458883     0.        ]
 [  403.67790903 -4861.60458883     0.        ]
 [   69.85666621 -4015.01671278     0.        ]]
HOTSPOT4 TO HOTSPOT0 AT TIME_HRS0.0
Energy: [7727.9891252380794]Time: [6547]Est : [71288.117594109819][[-1590.5154935     22.5489957      0.        ]
 [ -590.5154935     22.5489957      0.        ]
 [  116.59128769 -1684.55778549     0.        ]
 [ 1823.69806887  -977.4510043      0.        ]
 [ 2413.53903058 -1452.40949419     0.        ]]
HOTSPOT4 TO HOTSPOT1 AT TIME_HRS0.0
Energy: [251.21753842553184]Time: [6359]Est : [4682.3790242804889][[-1623.59971072    17.53949152     0.        ]
 [-2330.75468314   724.52992879     0.        ]
 [-4037.86146433  -982.5768524      0.        ]
 [-5037.86146433  -982.5768524      0.        ]
 [-4956.37014517 -1805.04959657     0.        ]]
HOTSPOT4 TO HOTSPOT2 AT TIME_HRS0.0
Energy: [11065.663350394783]Time: [6089]Est : [63197.024308289387][[-1590.3802625     23.01875061     0.        ]
 [  116.72651869   730.1255318      0.        ]
 [ 1116.72651869   730.1255318      0.        ]
 [ 1823.83329988  -976.98124939     0.        ]
 [ 2417.60288426  -859.45522132     0.        ]]
HOTSPOT4 TO HOTSPOT3 AT TIME_HRS0.0
Energy: [4275.5692093792923]Time: [5513]Est : [30609.032754256445][[-1620.33594018    57.87470542     0.        ]
 [-1620.38413141  2471.97192387     0.        ]
 [-1620.38413141  3471.97192387     0.        ]
 [-2303.78238043  3673.52361263     0.        ]]
HOTSPOT4 TO HOTSPOT5 AT TIME_HRS0.0
Energy: [2784.0739326234038]Time: [6835]Est : [17177.090290536089][[-1601.24467201     8.61189801     0.        ]
 [ -601.24467201     8.61189801     0.        ]
 [ -601.24467201  -991.38810199     0.        ]
 [-1601.19648078 -3405.48532044     0.        ]
 [ -601.19648078 -3405.48532044     0.        ]
 [   69.15367631 -4014.96597385     0.        ]]
HOTSPOT5 TO HOTSPOT0 AT TIME_HRS0.0
Energy: [5910.8299537159482]Time: [2913]Est : [33128.563584279][[  104.16639771 -4009.83609744     0.        ]
 [ 1811.2731789  -2302.72931626     0.        ]
 [ 2811.2731789  -2302.72931626     0.        ]
 [ 2424.52870899 -1470.22571818     0.        ]]
HOTSPOT5 TO HOTSPOT1 AT TIME_HRS0.0
Energy: [1443.9262419800846]Time: [6595]Est : [15047.294362333914][[   66.70754333 -4017.91656705     0.        ]
 [ -640.44742909 -2310.92612979     0.        ]
 [-3054.66099146 -2310.92612979     0.        ]
 [-4761.76777265 -1603.8193486      0.        ]
 [-4955.97258758 -1844.95487221     0.        ]]